image: larger_mini2.pgm
resolution: 0.025000
origin: [-2.500000, -2.500000, 0.000000]
negate: 0
occupied_thresh: 0.65
free_thresh: 0.196

