image: /home/palcolea/catkin_ws/src/RBE3002_B24_Team02/lab4/maps/final_map.pgm
resolution: 0.025000
origin: [-2.500000, -2.500000, 0.000000]
negate: 0
occupied_thresh: 0.65
free_thresh: 0.196
